
strategic_region={
	id=11
	name="STRATEGICREGION_11"
	provinces={
		65 113 139 220 231 289 372 447 475 562 600 611 613 669 754 797 847 886 959 960 1059 1168 1209 1256 1305 1395 1481 1485 1528 1561 1573 1706 1812 1815 1842 1864 1995 2011 2020 2033 2035 2037 2065 2159 2217 2254 2258 2285 2308 2388 2409 2424 2452 2461 2469 2501 2526 2562 2563 2595 2618 2676 2692 2704 2728 2732 2742 2786 3518 3529 3543 3549 3564 3571 3578 3581 3599 3607 3608 3614 3620 3626 3632 3638 3639 3640 3650 3658 3659 3668 3669 3673 3690 3691 3701 3702 3705 3714 3734 3737 3743 3744 3758 3767 3780 3781 3783 3784 3785 3821 3822 3827 3834 3836 3842 3843 3850 3855 3862 3872 3873 3893 3904 3915 3929 3931 3960 3970 4006 4030 4040 4074 
	}
	weather={
	}
}
