
strategic_region={
	id=14
	name="STRATEGICREGION_14"
	provinces={
		4 11 12 20 29 32 35 50 55 74 87 91 94 105 112 118 143 146 153 188 190 199 205 206 228 254 261 300 318 325 326 333 356 387 388 417 444 450 468 506 522 543 544 560 569 572 577 603 634 650 659 816 836 845 881 887 895 902 921 924 962 993 1009 1030 1046 1089 1112 1163 1234 1336 1347 1350 1408 1409 1439 1462 1471 1552 1563 1619 1698 1707 1740 1784 1860 1870 1908 1958 2002 2016 2070 2265 2325 2369 2433 2576 2579 2747 2850 2851 2852 2853 2855 2856 2857 2858 2859 2860 2861 2862 2863 2864 2865 2866 2867 2868 2870 2873 6082 6215 6247 6277 
	}
	weather={
	}
}
