
strategic_region={
	id=2
	name="STRATEGICREGION_2"
	provinces={
		129 144 186 267 369 408 466 520 719 826 864 908 932 1184 1279 1287 1318 1319 1331 1402 1410 1416 1518 1533 1568 1601 1659 1666 1684 1691 1710 1711 1733 1759 1921 1923 1929 1976 1999 2015 2045 2063 2098 2129 2170 2199 2202 2210 2219 2277 2316 2392 2422 2434 2440 2445 2465 2480 2507 2529 2569 2575 2699 2705 2721 2744 2764 2806 2810 4196 4202 4209 4213 4231 4266 4285 4286 4293 4295 4296 4297 4314 4318 4319 4323 4324 4329 4337 4339 4344 4355 4358 4361 4362 4364 4365 4368 4381 4385 4392 4393 4397 4414 4419 4422 4427 4428 4440 4441 4448 4449 4450 4453 4454 4459 4480 4482 4483 4500 4515 4518 4519 4528 4539 4540 4545 4557 4568 4573 4574 4578 4580 4581 4599 4600 4605 4614 4615 4634 4636 4637 4642 4651 4652 4656 4662 4666 4667 4668 4675 4681 4685 4686 4687 4692 4694 4702 4703 4716 4720 4725 4749 4752 4755 4773 4800 
	}
	weather={
	}
}
