
strategic_region={
	id=21
	name="STRATEGICREGION_21"
	provinces={
		127 304 414 559 737 768 777 806 915 920 931 953 1128 1266 1293 1326 1339 1428 1560 1587 1838 1924 1954 1969 2126 2139 2154 2233 2270 2323 2479 2496 2558 2611 2637 2700 2774 2790 2829 5130 5153 5161 5182 5197 5198 5210 5212 5216 5228 5229 5235 5241 5247 5251 5254 5265 5273 5275 5280 5288 5292 5298 5300 5301 5305 5306 5310 5329 5330 5333 5342 5343 5352 5354 5356 5357 5359 5365 5368 5378 5379 5380 5389 5397 5398 5399 5400 5416 5421 5422 5426 5436 5437 5440 5449 5456 5460 5475 5476 5480 5484 5485 5497 5508 
	}
	naval_terrain=water_fjords
	weather={
	}
}
