
strategic_region={
	id=22
	name="STRATEGICREGION_22"
	provinces={
		149 208 274 429 527 744 745 819 904 981 1050 1288 1291 1558 1641 1833 1840 1849 2012 2137 2300 2329 2454 2459 2475 2476 2548 2602 2673 2688 2701 2724 5303 5314 5322 5323 5325 5327 5328 5344 5350 5351 5364 5367 5370 5373 5376 5377 5384 5385 5386 5388 5391 5394 5405 5406 5408 5409 5411 5415 5419 5420 5425 5434 5435 5444 5445 5448 5450 5455 5462 5463 5466 5469 5479 5482 5492 5496 5499 5500 5505 5510 5512 5515 5516 
	}
	weather={
	}
}
