
strategic_region={
	id=28
	name="STRATEGICREGION_28"
	provinces={
		175 196 239 335 369 570 640 685 762 912 916 1107 1185 1247 1331 1372 1411 1499 1688 1710 1770 1844 1975 2021 2079 2082 2092 2129 2131 2163 2202 2266 2382 2470 2472 2487 2498 2569 2582 2792 2806 2821 4277 4297 4309 4329 4331 4341 4349 4351 4352 4355 4365 4369 4371 4377 4378 4398 4415 4416 4417 4423 4424 4436 4437 4442 4456 4460 4471 4474 4475 4476 4487 4491 4494 4505 4506 4507 4509 4520 4529 4546 4549 4560 4575 4582 4583 4593 4606 4607 4609 4616 4628 4643 4663 4669 4677 4678 4688 4695 4708 4711 6405 
	}
	weather={
	}
}
