
strategic_region={
	id=30
	name="STRATEGICREGION_30"
	provinces={
		18 129 144 183 186 216 466 520 826 898 908 932 1164 1243 1270 1279 1287 1338 1353 1357 1382 1410 1416 1454 1533 1568 1632 1659 1666 1675 1684 1691 1702 1710 1733 1743 1759 1837 1885 1921 1961 1976 1999 2015 2045 2060 2063 2170 2199 2210 2219 2259 2277 2316 2377 2392 2434 2445 2465 2480 2507 2575 2650 2659 2662 2699 2705 2721 2744 2795 2806 2810 2822 4318 4319 4323 4324 4337 4344 4358 4361 4362 4364 4365 4368 4381 4385 4392 4393 4397 4414 4419 4422 4427 4428 4440 4441 4448 4449 4450 4453 4454 4459 4470 4480 4482 4483 4500 4515 4518 4519 4528 4539 4557 4568 4573 4574 4581 4599 4600 4605 4615 4634 4636 4637 4642 4652 4656 4662 4666 4667 4668 4675 4681 4686 4687 4692 4694 4702 4703 4708 4716 4720 4725 4728 4743 4749 4752 4755 4756 4769 4773 4788 4801 4802 4809 4819 4822 4825 4826 4836 4845 4854 4855 4856 4863 4865 4873 4878 4879 4884 4892 4895 4902 4913 4924 4929 4930 4931 4935 4948 4967 4969 4973 4990 4998 5003 5015 5019 5026 5045 5074 
	}
	weather={
	}
}
