
strategic_region={
	id=31
	name="STRATEGICREGION_31"
	provinces={
		77 267 373 379 408 460 644 697 864 889 910 1062 1087 1146 1184 1213 1252 1319 1440 1446 1518 1559 1601 1616 1623 1624 1630 1631 1657 1665 1711 1760 1857 1874 1949 1978 1992 2001 2165 2192 2232 2276 2284 2304 2309 2344 2397 2422 2510 2521 2529 2593 3883 3895 3909 3916 3917 3922 3923 3930 3941 3945 3950 3951 3953 3966 3967 3973 3974 3976 3989 3992 3994 3995 3996 4000 4009 4010 4017 4018 4024 4026 4039 4044 4049 4052 4058 4059 4069 4070 4092 4095 4096 4101 4104 4115 4116 4131 4134 4136 4141 4145 4150 4153 4154 4161 4165 4166 4167 4174 4175 4195 4196 4197 4202 4207 4208 4209 4210 4213 4226 4231 4234 4235 4239 4266 6398 6400 
	}
	weather={
	}
}
