
strategic_region={
	id=32
	name="STRATEGICREGION_32"
	provinces={
		33 48 63 67 179 189 194 197 242 268 292 374 528 536 583 653 662 692 735 751 807 808 866 871 878 934 974 976 1034 1057 1061 1082 1091 1150 1223 1230 1231 1238 1290 1308 1309 1322 1334 1337 1361 1390 1433 1551 1586 1606 1609 1615 1629 1639 1664 1685 1689 1715 1802 1873 1877 1927 1984 2117 2124 2181 2216 2251 2286 2314 2318 2348 2354 2383 2389 2404 2446 2484 2492 2504 2555 2585 2586 2615 2669 2711 2729 2752 2756 2769 2776 2824 3266 3299 3316 3317 3336 3344 3373 3385 3395 3400 3407 3409 3410 3411 3416 3420 3425 3428 3432 3435 3436 3448 3453 3458 3463 3467 3470 3471 3475 3476 3477 3478 3483 3491 3498 3501 3506 3510 3511 3512 3519 3526 3527 3530 3536 3537 3538 3547 3550 3551 3552 3557 3561 3562 3570 3572 3579 3582 3586 3590 3591 3595 3596 3615 3616 3617 3619 3624 3625 3627 3628 3630 3641 3642 3651 3653 3654 3656 3661 3670 3674 3682 3687 3693 3697 3698 3709 3710 3711 3712 3715 3716 3727 3728 3746 3747 3750 3751 3752 3756 3761 3765 3770 3771 3788 3789 3792 3795 3796 3802 3803 3815 3819 3829 3845 3848 3852 3856 3860 3866 3870 3877 3878 3882 3884 3889 3898 3902 3920 3936 3944 6025 6219 6392 6393 6396 
	}
	weather={
	}
}
