
strategic_region={
	id=35
	name="STRATEGICREGION_35"
	provinces={
		104 201 237 476 706 767 770 879 905 964 985 996 1007 1023 1037 1041 1250 1404 1415 1419 1429 1492 1516 1547 1567 1643 1714 1859 1865 1917 1937 1955 1966 2004 2026 2058 2183 2196 2231 2234 2240 2273 2303 2365 2378 2386 2400 2530 2531 2551 2578 2599 2709 2734 2735 2748 2833 4638 4682 4689 4690 4699 4704 4712 4713 4721 4726 4738 4739 4744 4751 4763 4770 4771 4772 4781 4787 4789 4810 4814 4820 4821 4827 4830 4837 4857 4858 4867 4880 4889 4893 4894 4896 4914 4921 4936 4949 4963 4970 4976 4982 4986 4991 5010 5020 5035 5046 5057 5078 5079 5094 5095 5096 5106 5110 5111 5112 5116 5120 5121 5133 5134 5147 5150 5152 5160 5167 5170 5186 5188 5196 5202 5215 5217 5224 5238 5239 5240 5253 5261 
	}
	weather={
	}
}
