
strategic_region={
	id=41
	name="STRATEGICREGION_41"
	provinces={
		175 196 239 335 570 640 685 725 762 764 774 792 825 912 916 1008 1098 1107 1185 1247 1368 1370 1372 1405 1411 1413 1470 1489 1496 1499 1655 1678 1688 1694 1770 1844 1936 1952 1975 2021 2079 2082 2092 2131 2163 2214 2266 2382 2420 2470 2472 2487 2498 2534 2582 2792 2821 4060 4071 4093 4105 4117 4123 4132 4135 4143 4155 4168 4169 4170 4181 4203 4215 4216 4245 4256 4259 4260 4261 4271 4277 4287 4288 4294 4309 4310 4315 4320 4331 4340 4341 4349 4351 4352 4369 4371 4377 4378 4398 4415 4416 4417 4423 4424 4436 4437 4442 4456 4460 4471 4474 4475 4476 4487 4491 4494 4505 4506 4507 4509 4520 4529 4546 4549 4560 4575 4582 4583 4593 4606 4607 4609 4616 4628 4643 4663 4669 4677 4678 4688 4695 4708 4711 6402 6405 
	}
	weather={
	}
}
