
strategic_region={
	id=50
	name="STRATEGICREGION_50"
	provinces={
		189 215 499 662 694 735 952 974 976 1057 1082 1176 1223 1230 1308 1309 1359 1361 1433 1504 1615 1625 1639 1640 1664 1802 1873 1877 1927 2042 2091 2112 2117 2181 2314 2327 2363 2383 2402 2412 2543 2555 2586 2669 2711 2756 2776 2785 3266 3299 3316 3317 3336 3344 3373 3385 3400 3407 3410 3411 3428 3432 3436 3448 3453 3463 3470 3471 3478 3483 3491 3501 3502 3511 3512 3513 3527 3530 3531 3537 3538 3552 3557 3565 3580 3583 3591 3596 3600 3609 3612 3619 3629 3633 3646 3657 3671 3699 3713 3735 3738 3778 3797 3813 
	}
	naval_terrain=water_fjords
	weather={
	}
}
