
strategic_region={
	id=52
	name="STRATEGICREGION_52"
	provinces={
		27 122 152 309 382 383 397 599 798 865 914 939 972 998 1076 1126 1171 1233 1245 1259 1263 1434 1473 1503 1507 1642 1679 1693 1708 1717 1721 1730 1790 1829 1855 1919 1986 2111 2120 2221 2252 2427 2435 2453 2506 2552 2571 2600 2604 2685 2697 4710 4719 4729 4730 4734 4737 4748 4761 4762 4780 4791 4797 4808 4828 4829 4842 4843 4861 4862 4877 4888 4899 4904 4910 4912 4920 4927 4928 4944 4947 4954 4955 4980 4985 4989 4997 5005 5009 5018 5021 5024 5030 5031 5033 5034 5040 5044 5058 5060 5067 5068 5073 5077 5085 5087 5088 5091 5092 5093 5101 5104 5105 5114 5115 5123 5129 5132 5138 5155 5158 5159 5164 5165 5166 5169 5176 5181 5191 6409 
	}
	weather={
	}
}
