
strategic_region={
	id=58
	name="STRATEGICREGION_58"
	provinces={
		5 130 213 232 359 376 481 493 575 590 608 665 696 750 788 851 861 863 909 928 1000 1025 1028 1131 1133 1157 1212 1227 1371 1401 1431 1545 1548 1572 1585 1671 1722 1738 1769 1834 1888 1922 1951 1962 2049 2084 2127 2151 2152 2155 2182 2194 2212 2253 2269 2356 2478 2497 2518 2532 2537 2574 2590 2601 2657 2690 2693 2707 2753 2800 2816 2831 3064 3066 3070 3081 3088 3093 3098 3101 3103 3116 3118 3120 3126 3137 3142 3147 3153 3154 3159 3160 3169 3170 3171 3178 3182 3186 3189 3191 3192 3196 3198 3201 3202 3203 3206 3208 3216 3217 3219 3222 3223 3224 3228 3231 3232 3233 3238 3239 3241 3242 3248 3251 3254 3255 3256 3257 3258 3259 3262 3271 3276 3277 3280 3281 3287 3288 3289 3291 3292 3293 3294 3303 3304 3309 3312 3313 3314 3318 3319 3320 3322 3323 3326 3327 3331 3332 3337 3341 3342 3345 3346 3347 3348 3349 3351 3355 3362 3367 3374 3376 3378 3401 3404 3412 5923 6099 6324 6390 
	}
	weather={
	}
}
