
strategic_region={
	id=6
	name="STRATEGICREGION_6"
	provinces={
		14 57 82 180 259 321 337 341 358 385 394 404 407 425 427 432 487 511 513 535 546 548 549 557 561 595 616 622 656 666 684 700 709 726 732 733 736 746 752 758 759 784 812 818 820 821 833 840 846 855 885 893 903 929 955 956 957 971 977 978 986 1031 1035 1040 1095 1101 1104 1110 1113 1165 1169 1175 1179 1193 1211 1215 1248 1296 1332 1345 1346 1355 1362 1383 1407 1418 1421 1449 1457 1465 1474 1488 1490 1517 1529 1591 1594 1599 1613 1621 1667 1690 1696 1709 1744 1750 1751 1781 1795 1816 1817 1828 1843 1866 1875 1899 1905 1907 1987 2023 2046 2073 2078 2108 2113 2134 2140 2142 2143 2177 2195 2242 2278 2298 2352 2393 2394 2406 2455 2483 2512 2528 2541 2544 2553 2566 2588 2634 2642 2656 2660 2668 2717 2718 2719 2727 2745 2781 3589 3622 3666 3679 3800 3858 3868 3890 4001 4157 4191 4198 4229 4241 4262 4282 4347 4376 4418 4451 4469 4530 4588 4648 4664 4767 4882 4940 4941 4994 5037 5063 5102 5140 5141 5162 5172 5199 5203 5227 5244 5266 5294 5311 5353 5362 5374 5392 5403 5410 5428 5439 5453 5501 5511 5513 5522 5524 5527 5529 5530 5537 5539 5543 5545 5546 5549 5554 5555 5557 5558 5561 
	}
	weather={
	}
}
