
strategic_region={
	id=60
	name="STRATEGICREGION_60"
	provinces={
		1 17 66 123 136 223 249 323 454 478 482 555 579 596 626 657 730 794 815 917 938 966 984 1053 1060 1189 1222 1276 1295 1397 1469 1493 1498 1527 1577 1756 1764 1835 1897 1901 1920 2022 2068 2076 2103 2110 2164 2171 2176 2193 2291 2408 2421 2628 2630 2678 2683 2808 4525 4567 4612 4632 4683 4714 4741 4811 4824 4942 4952 4953 4977 5001 5051 5052 5055 5061 5090 5097 5122 5142 5268 5269 5274 5277 5297 5313 5331 5338 5345 5363 5372 5393 5427 
	}
	weather={
	}
}
