
strategic_region={
	id=62
	name="STRATEGICREGION_62"
	provinces={
		24 27 93 122 152 159 222 250 256 309 377 382 383 397 458 469 550 597 599 677 712 753 798 802 841 856 865 914 939 972 991 998 1032 1073 1076 1126 1148 1149 1162 1171 1187 1210 1233 1237 1245 1259 1263 1269 1303 1374 1392 1434 1455 1473 1503 1507 1537 1570 1622 1642 1674 1679 1693 1704 1708 1717 1721 1730 1746 1790 1794 1807 1810 1829 1855 1880 1898 1906 1916 1919 1925 1986 2010 2013 2111 2120 2138 2153 2156 2166 2198 2200 2201 2203 2221 2235 2239 2252 2261 2299 2321 2372 2427 2435 2453 2471 2481 2506 2514 2522 2539 2552 2564 2571 2572 2592 2600 2604 2606 2610 2675 2685 2687 2697 2757 2765 2819 4486 4523 4524 4532 4556 4559 4564 4572 4576 4577 4579 4591 4592 4598 4602 4619 4620 4627 4633 4647 4655 4661 4665 4674 4680 4684 4693 4701 4710 4715 4718 4719 4724 4729 4730 4734 4737 4742 4746 4747 4748 4759 4760 4761 4762 4765 4778 4780 4790 4791 4797 4808 4813 4828 4829 4835 4840 4841 4842 4843 4852 4861 4862 4866 4871 4872 4877 4887 4888 4898 4899 4901 4904 4910 4912 4919 4920 4926 4927 4928 4933 4934 4938 4939 4944 4947 4954 4955 4960 4966 4968 4972 4979 4980 4981 4985 4989 4996 4997 5002 5005 5008 5009 5014 5018 5021 5024 5028 5029 5030 5031 5033 5034 5039 5040 5044 5048 5053 5058 5060 5066 5067 5068 5073 5076 5077 5082 5085 5087 5088 5091 5092 5093 5099 5101 5103 5104 5105 5108 5114 5115 5123 5126 5128 5129 5132 5137 5138 5146 5155 5157 5158 5159 5164 5165 5166 5168 5169 5176 5181 5185 5191 5206 5223 5233 6408 6409 6411 
	}
	weather={
	}
}
