
strategic_region={
	id=63
	name="STRATEGICREGION_63"
	provinces={
		23 25 45 53 62 140 172 174 187 266 306 312 443 452 474 510 545 568 594 649 707 717 729 739 741 789 832 852 858 873 894 913 918 944 963 1039 1067 1136 1143 1173 1188 1190 1192 1196 1228 1294 1307 1312 1327 1328 1360 1377 1388 1389 1422 1441 1468 1494 1500 1511 1549 1553 1554 1557 1620 1637 1660 1673 1705 1727 1734 1745 1791 1792 1806 1808 1846 1876 1918 1940 1953 1977 1989 2071 2074 2090 2123 2167 2175 2189 2236 2337 2353 2360 2370 2390 2395 2401 2410 2443 2450 2468 2477 2568 2631 2684 2706 2713 2736 2738 2751 2805 2832 4313 4335 4360 4373 4383 4391 4402 4404 4405 4409 4425 4426 4431 4432 4434 4445 4446 4458 4462 4466 4481 4488 4489 4497 4498 4499 4508 4514 4522 4526 4527 4531 4544 4554 4555 4558 4561 4562 4571 4586 4587 4590 4596 4597 4604 4613 4618 4623 4624 4626 4635 4640 4641 4646 4650 4654 4659 4660 4671 4672 4673 4691 4697 4698 4700 4707 4709 4722 4723 4732 4733 4753 4754 4758 4764 4768 4777 4779 4784 4785 4786 4794 4795 4799 4805 4806 4807 4812 4815 4816 4818 4833 4834 4839 4848 4850 4851 4853 4860 4864 4868 4869 4870 4876 4883 4885 4891 4897 4908 4909 4918 4932 4937 4943 4946 4959 4962 4964 4965 4975 4978 4984 4988 4995 5004 5016 5017 5023 5038 5042 5043 5047 5049 5056 5064 5065 5071 5098 5107 5113 5119 5125 5127 5136 5145 5149 5151 5154 5156 5163 5173 5174 5175 5178 5183 5184 5187 5190 5193 5194 5195 5201 5204 5205 5209 5214 5222 5225 5226 5231 5232 5236 5237 5245 5246 5249 5250 5256 5259 5260 5264 5270 5271 5278 5279 5283 5284 5287 5291 5296 5299 5308 5316 5318 6057 6403 6410 
	}
	weather={
	}
}
