
strategic_region={
	id=64
	name="STRATEGICREGION_64"
	provinces={
		86 99 100 181 346 361 501 521 556 628 633 636 671 683 786 842 888 926 933 940 989 1070 1167 1205 1206 1281 1300 1310 1356 1373 1385 1420 1476 1486 1566 1579 1592 1626 1628 1644 1656 1658 1669 1716 1789 1813 1824 1882 1904 1942 1950 1983 1991 2000 2009 2062 2064 2097 2157 2191 2243 2290 2292 2295 2330 2332 2347 2359 2367 2373 2375 2407 2416 2436 2444 2464 2502 2511 2517 2556 2559 2570 2621 2624 2625 2629 2680 2698 2767 2783 2793 2801 2803 3696 3724 3725 3749 3755 3768 3774 3786 3791 3801 3817 3828 3859 3863 3864 3865 3869 3886 3887 3888 3894 3896 3900 3919 3926 3934 3940 3947 3948 3979 3980 3981 3986 3987 3998 4003 4007 4008 4013 4019 4020 4021 4031 4036 4041 4051 4057 4063 4064 4081 4087 4098 4099 4108 4111 4121 4122 4127 4128 4139 4140 4142 4149 4158 4159 4160 4162 4187 4189 4190 4199 4200 4212 4214 4221 4222 4223 4227 4228 4230 4238 4247 4251 4254 4255 4263 4270 4272 4276 4283 4289 4290 4291 4299 4300 4304 4312 4316 4334 4346 4367 4382 4389 4444 6397 6407 
	}
	weather={
	}
}
