
strategic_region={
	id=7
	name="STRATEGICREGION_7"
	provinces={
		16 21 42 75 80 83 89 92 95 96 97 120 154 169 176 182 191 221 229 230 233 253 255 264 270 272 284 291 296 303 314 315 317 329 342 344 347 348 350 352 360 365 375 391 398 399 400 402 405 410 411 420 423 433 436 437 441 442 456 459 472 488 495 496 500 508 509 523 525 529 532 547 552 571 581 582 586 587 588 589 606 607 614 615 620 625 629 632 635 660 661 664 673 681 687 689 690 699 708 710 716 723 728 743 749 778 780 782 799 803 809 813 817 837 848 849 868 892 901 925 927 930 945 948 950 961 968 990 999 1015 1016 1018 1020 1022 1038 1080 1090 1092 1099 1106 1116 1142 1147 1151 1152 1154 1174 1180 1181 1182 1195 1200 1214 1221 1224 1225 1229 1239 1240 1241 1260 1262 1264 1267 1272 1274 1283 1285 1286 1292 1302 1304 1313 1314 1316 1324 1330 1342 1365 1379 1380 1386 1394 1396 1400 1403 1426 1435 1444 1447 1464 1467 1475 1478 1497 1502 1506 1513 1515 1523 1525 1532 1536 1555 1564 1580 1600 1605 1611 1617 1633 1646 1647 1648 1676 1681 1686 1703 1712 1719 1720 1724 1725 1741 1755 1757 1766 1768 1777 1788 1796 1798 1809 1848 1854 1863 1889 1891 1893 1928 1931 1935 1944 1945 1956 1964 1972 1974 1979 1980 1982 1990 1993 2019 2025 2043 2044 2051 2067 2072 2081 2087 2088 2099 2116 2119 2133 2161 2180 2184 2197 2204 2206 2215 2218 2247 2255 2260 2267 2268 2282 2297 2306 2315 2326 2338 2340 2341 2342 2357 2361 2371 2384 2385 2387 2399 2405 2419 2423 2438 2458 2460 2463 2467 2473 2495 2500 2508 2515 2516 2525 2533 2547 2565 2567 2573 2584 2607 2613 2626 2638 2648 2686 2696 2703 2710 2715 2749 2755 2766 2770 2798 2802 2807 2830 3260 3272 3297 3325 3360 3361 3371 3380 3383 3390 3398 3399 3419 3431 3444 3459 3469 3486 3490 3534 3542 3577 3602 3667 3680 3689 3700 3742 3779 3793 3816 3833 3891 3892 3918 3933 3959 3962 3963 3964 3978 3984 3985 4002 4012 4028 4029 4055 4066 4078 4079 4080 4085 4086 4097 4107 4110 4120 4133 4137 4138 4148 4164 4188 4192 4211 4220 4237 4242 4246 4249 4250 4275 4279 4298 4326 4330 4333 4421 4430 4457 4478 4484 4485 4517 4537 4542 4553 4570 4585 4589 4595 4603 4617 4622 4639 4649 4676 4735 4736 4782 4783 4798 4817 4832 4890 4900 4907 4923 4971 4987 5000 5007 5041 5075 5081 5084 5089 5100 5118 5124 5135 5180 5192 5200 5220 5234 5248 5272 5282 5290 5312 5337 5346 5347 5360 5361 5381 5395 5401 5412 5431 5464 5465 5483 5488 5489 5503 5517 5520 5525 5526 5531 5532 5533 5535 5538 5540 5541 5542 5544 5547 5550 5552 5559 
	}
	weather={
	}
}
