
strategic_region={
	id=70
	name="STRATEGICREGION_70"
	provinces={
		3 8 9 30 31 38 39 40 43 44 49 61 68 72 84 98 128 137 138 162 200 202 204 211 212 217 219 225 227 238 240 244 247 248 260 269 278 282 283 285 286 287 302 307 313 334 351 354 384 401 409 419 428 430 446 473 479 485 494 497 512 537 539 542 564 567 605 611 612 617 621 623 624 631 646 654 658 693 738 760 761 763 765 769 791 828 831 850 877 884 943 987 1011 1029 1033 1049 1051 1054 1058 1063 1088 1108 1111 1118 1144 1160 1191 1208 1244 1246 1265 1289 1299 1315 1343 1450 1453 1459 1461 1472 1479 1480 1519 1522 1556 1565 1699 1742 1749 1771 1772 1797 1805 1818 1831 1832 1852 1869 1926 2141 2160 2229 2244 2324 2331 2336 2343 2442 2520 2597 2661 2716 2768 2811 2869 2870 2871 2878 2879 2880 2881 2884 2886 2887 2888 2891 2892 2902 2914 2950 2995 3011 3058 3133 3134 3181 3183 3237 3265 3307 3356 3357 3391 3415 5876 6067 6185 6265 
	}
	weather={
	}
}
