
strategic_region={
	id=71
	name="STRATEGICREGION_71"
	provinces={
		2 4 11 12 13 15 20 26 29 32 34 35 50 55 74 76 79 87 91 94 105 110 111 112 116 118 121 124 126 142 143 146 150 151 153 158 160 168 171 173 177 185 188 190 198 199 205 206 224 228 254 261 297 300 305 311 318 319 325 326 328 331 333 339 343 356 364 367 368 371 378 387 388 390 412 417 422 438 444 450 453 467 468 480 483 484 489 492 505 506 518 519 522 524 530 540 543 544 551 553 560 569 572 576 577 593 602 603 634 650 651 659 691 713 721 742 795 800 816 823 827 836 845 859 872 874 875 881 887 895 902 921 922 923 924 954 962 965 973 993 1001 1009 1030 1046 1055 1072 1089 1102 1112 1125 1163 1232 1234 1251 1297 1311 1336 1347 1350 1381 1408 1409 1439 1442 1448 1460 1462 1471 1539 1544 1552 1562 1563 1584 1593 1619 1652 1668 1687 1698 1707 1740 1779 1784 1787 1811 1827 1860 1870 1908 1958 2002 2016 2018 2070 2086 2109 2145 2209 2225 2265 2325 2368 2369 2417 2430 2433 2576 2579 2598 2605 2726 2731 2747 2782 2835 2836 2837 2838 2839 2840 2841 2842 2843 2844 2845 2846 2847 2848 2849 2850 2851 2852 2853 2854 2855 2856 2857 2858 2859 2860 2861 2862 2863 2864 2865 2866 2867 2868 2873 2874 2876 2882 2883 2885 2893 2894 2895 2896 2897 2903 2906 2983 3018 3028 3035 3039 3042 3045 3054 5606 5654 5837 6048 6065 6082 6099 6106 6116 6131 6144 6199 6215 6247 6250 6277 6284 6290 6324 6347 6348 
	}
	weather={
	}
}
