
strategic_region={
	id=76
	name="STRATEGICREGION_76"
	provinces={
		5608 5617 5622 5635 5648 5652 5662 5682 5688 5698 5723 5731 5736 5744 5757 5768 5771 5772 5777 5781 5787 5789 5793 5794 5810 5815 5819 5828 5831 5833 5836 5845 5849 5856 5857 5867 5868 5869 5871 5872 5886 5901 5907 5911 5913 5925 5931 5932 5938 5948 5958 5963 5970 5980 5983 5985 5998 6006 6019 6027 6029 6036 6040 6041 6043 6044 6045 6047 6064 6066 6072 6091 6096 6101 6102 6111 6122 6142 6154 6155 6156 6162 6163 6168 6170 6177 6178 6179 6181 6182 6187 6190 6200 6207 6212 6217 6226 6228 6232 6239 6242 6244 6245 6248 6252 6254 6259 6264 6268 6276 6286 6288 6298 6299 6306 6308 6312 6316 6317 6329 6331 6336 6339 6344 6345 6350 6356 6376 6382 
	}
	naval_terrain=water_shallow_sea
	weather={
	}
}
