
strategic_region={
	id=88
	name="STRATEGICREGION_88"
	provinces={
		5588 5589 5590 5591 5593 5594 5596 5597 5600 5601 5602 5603 5604 5607 5611 5612 5613 5615 5616 5618 5619 5620 5621 5623 5624 5625 5626 5628 5630 5631 5632 5633 5634 5636 5637 5638 5640 5641 5642 5643 5644 5645 5646 5647 5649 5651 5653 5655 5656 5657 5658 5660 5661 5665 5667 5668 5669 5671 5672 5673 5674 5676 5677 5678 5680 5681 5683 5684 5685 5686 5687 5689 5691 5692 5693 5694 5695 5697 5699 5700 5701 5702 5703 5704 5705 5707 5708 5709 5710 5711 5713 5714 5715 5716 5717 5718 5720 5721 5722 5724 5725 5726 5727 5728 5730 5732 5733 5734 5737 5738 5739 5740 5741 5742 5745 5748 5749 5751 5753 5754 5755 5758 5759 5760 5761 5762 5763 5765 5767 5769 5770 5774 5775 5776 5783 5784 5785 5788 5790 5791 5792 5795 5797 5798 5799 5801 5802 5804 5805 5807 5808 5812 5814 5816 5817 5818 5820 5821 5824 5825 5826 5827 5829 5830 5832 5834 5835 5838 5839 5840 5841 5842 5844 5846 5847 5851 5853 5855 5858 5860 5864 5865 5866 5879 5881 5882 5884 5885 5888 5890 5892 5895 5899 5900 5902 5903 5906 5910 5914 5916 5917 5918 5919 5921 5922 5924 5926 5927 5930 5933 5936 5937 5939 5941 5944 5949 5951 5954 5957 5960 5961 5964 5965 5966 5974 5975 5977 5978 5979 5982 5986 5987 5992 5993 5994 5996 5997 6003 6004 6005 6008 6011 6012 6014 6015 6017 6022 6023 6028 6030 6031 6032 6035 6039 6042 6050 6054 6055 6056 6060 6069 6073 6075 6077 6081 6084 6086 6088 6092 6095 6097 6098 6100 6103 6105 6108 6113 6114 6115 6117 6120 6124 6128 6132 6134 6136 6137 6138 6140 6146 6148 6149 6157 6158 6164 6166 6167 6172 6173 6176 6180 6197 6201 6202 6208 6209 6213 6214 6227 6229 6230 6231 6249 6257 6258 6260 6261 6262 6271 6272 6273 6274 6275 6278 6281 6282 6285 6289 6295 6297 6300 6301 6302 6307 6309 6313 6315 6318 6319 6322 6323 6328 6330 6335 6337 6338 6340 6346 6349 6351 6353 6354 6355 6357 6359 6360 6361 6363 6368 6369 6372 6373 6375 6380 6381 6385 6386 
	}
	weather={
	}
}
