
strategic_region={
	id=9
	name="STRATEGICREGION_9"
	provinces={
		1 17 46 66 78 123 136 147 223 249 251 323 454 478 482 555 579 596 626 657 668 730 740 794 815 839 843 883 899 917 938 966 984 1027 1053 1060 1077 1189 1222 1242 1275 1276 1295 1397 1398 1469 1482 1493 1498 1527 1542 1577 1756 1763 1764 1835 1897 1901 1920 2022 2068 2076 2103 2110 2146 2164 2171 2176 2179 2190 2193 2291 2408 2421 2451 2527 2628 2630 2678 2683 2808 4387 4388 4395 4406 4443 4473 4479 4493 4512 4513 4525 4543 4567 4601 4612 4632 4683 4714 4741 4811 4824 4942 4952 4953 4977 5001 5051 5052 5055 5061 5090 5097 5122 5142 5268 5269 5274 5277 5297 5313 5331 5338 5345 5363 5372 5393 5427 5441 5481 5486 5518 5521 5528 
	}
	weather={
	}
}
