state={
	id=188
	name="STATE_188"
	provinces={
		2 13 34 151 160 168 173 198 224 297 319 328 339 364 412 483 484 489 492 505 530 553 593 602 651 859 874 875 922 1055 1125 1232 1297 1311 1442 1460 1544 1562 1584 1593 1668 1687 1811 2109 2145 2368 2417 2598 2874 2876 2883 2885 2893 2894 2895 2896 2897 2898 2903 2906 2983 3018 3028 3035 3039 3042 3045 3054 
	}
    history = {
        owner = SNE
        add_core_of = SNE

	}
	state_category = pastoral
	manpower=1
	buildings_max_level_factor=1.000
	local_supplies=0.000
}
