
state={
	id=199
	name="STATE_199"
	provinces={
		148 294 355 477 574 580 598 609 686 718 724 757 891 906 967 1036 1100 1109 1376 1701 1736 1868 1911 1943 1957 2178 2312 2366 2488 2535 2754 2834 3681 3726 3732 3745 3759 3760 3763 3769 3777 3787 3806 3807 3812 3823 3837 3844 3846 3847 3874 3876 3897 3905 3908 3913 3927 3932 3935 3938 3949 3971 3972 3988 3991 4015 
	}
    history = {
        owner = SUM
        add_core_of = SUM

	}
	state_category = pastoral
	manpower=1
	buildings_max_level_factor=1.000
	local_supplies=0.000
}
