state={
	id=242
	name="STATE_242"
	provinces={
		22 47 56 59 64 70 134 155 207 214 226 273 301 316 327 349 455 471 497 584 605 638 655 663 670 860 936 942 1017 1024 1114 1166 1299 1320 1323 1393 1423 1437 1443 1451 1526 1550 1726 1735 1767 1804 1851 1941 2118 2322 2554 2612 2900 2928 2989 3011 3108 3245 3261 3279 3290 3298 3335 3340 3359 3365 3372 3394 3447 3488 3525 5574 
	}
    history = {
        owner = CUG
        add_core_of = CUG

	}
	state_category = pastoral
	manpower=1
	buildings_max_level_factor=1.000
	local_supplies=0.000
}
