
state={
	id=252
	name="STATE_252"

	history={
		owner = FON
		add_core_of = FON
		buildings = {
			infrastructure = 5
			industrial_complex = 3
			arms_factory = 3

		}

	}

	provinces={
		104 400 624 1347 1381 1429 1448 1450 1453 1459 1461 1472 1479 1480 1519 1522 1539 1552 1556 1558 1562 1563 1565 1618 1619 1652 1687 1699 1707 1714 1742 1749 1772 1779 1784 1797 1805 1818 1827 1831 1832 1852 1865 1869 1908 1926 1959 2002 2012 2026 2030 2086 2141 2154 2160 2196 2229 2257 2265 2323 2324 2331 2336 2343 2442 2454 2459 2520 2530 2531 2597 2661 2673 2716 2723 2726 2731 2747 2768 2774 2782 2790 2811 2835 2837 2838 2842 2844 2845 2846 2848 2851 2854 2855 2856 2858 2863 2864 2866 2867 2868 2869 2870 2871 2878 2879 2880 2881 2884 2886 2887 2891 2892 2900 2902 2914 2928 2950 2989 2995 3011 3058 3133 3134 3181 3183 3237 3265 3356 3357 3391 3415 4511 4516 4541 4552 4740 4745 4766 4774 4775 4776 4796 4803 4838 4847 4886 4905 4992 5050 5059 5069 5072 5083 5086 5095 5109 5111 5112 5130 5133 5147 5153 5167 5182 5197 5198 5210 5212 5228 5230 5242 5243 5247 5257 5265 5273 5285 5288 5298 5300 5301 5302 5303 5317 5320 5321 6413 6414 
	}
	manpower=1145140
	buildings_max_level_factor=1.000
	state_category=large_town
	local_supplies=0.000
}
