
state={
	id=253
	name="STATE_253"
	history={
		owner = FON
		add_core_of = FON
		buildings = {
			infrastructure = 5
			industrial_complex = 2
			arms_factory = 1
		}

	}
	provinces={
		3 8 9 30 31 38 39 44 49 61 68 72 98 128 137 162 200 212 217 219 225 227 247 260 278 283 285 286 287 302 307 313 334 401 409 446 485 497 512 537 564 567 605 624 631 646 658 693 738 760 761 763 765 791 850 877 943 1029 1033 1049 1051 1054 1111 1118 1144 1160 1191 1246 1265 1299 1453 1459 1480 1519 1699 1771 1772 1797 1805 1818 1832 1852 1926 2160 2229 2244 2331 2336 2343 2442 2520 2597 2661 2716 2768 2811 2869 2870 2871 2878 2879 2880 2881 2884 2886 2887 2888 2891 2892 2902 2914 3011 3058 
	}
	manpower=19198100
	state_category = large_city
	buildings_max_level_factor=1.000
	local_supplies=0.000
}
