state={
	id=261
	name="STATE_261"
	history={
		owner = SNE
		add_core_of = SNE
		buildings = {
			infrastructure = 1
		}

	}
	provinces={
		4 11 12 15 26 29 35 76 79 91 105 110 111 112 116 124 126 150 153 158 171 177 185 199 205 261 300 305 311 318 325 326 331 333 367 368 387 388 438 453 467 480 506 518 524 540 543 544 551 560 572 576 659 713 721 800 823 827 902 921 962 965 973 1001 1046 1102 1112 1234 1251 1347 1381 1448 1539 1552 1563 1619 1652 1707 1779 1784 1827 1908 2002 2016 2086 2265 2433 2726 2731 2747 2782 2835 2837 2838 2842 2844 2845 2846 2847 2848 2851 2854 2855 2856 2858 2863 2864 2865 2866 2867 2868 
	}
	manpower=1000000
	buildings_max_level_factor=1.000
	local_supplies=0.000
}
