
state={
	id=264
	name="STATE_264"
	provinces={
		1771 5352 5359 5365 5367 5370 5371 5380 5386 5390 5394 5398 5407 5408 5409 5414 5416 5419 5420 5426 5430 5432 5434 5440 5443 5444 5445 5454 5460 5461 5469 5470 5491 5497 5499 5502 5505 5509 5512 5514 6613 6624 6643 6667 6674 6675 6679 6696 6697 6703 6710 6715 6723 6728 6729 6736 6745 6746 6753 6756 6760 6769 6775 6781 6786 6787 6789 6793 6800 6801 6806 6820 6821 6822 6823 6830 6837 6840 6842 6843 6844 6850 6853 6857 6868 6869 6872 6876 6878 6879 6881 6882 6886 6888 6893 6898 6901 6904 6910 6911 6915 6916 6921 6931 6932 6935 6936 
	}
	history={
		owner = FON
		add_core_of = FON
		buildings = {
			infrastructure = 3

		}

	}

	manpower=1910810
	state_category=large_town
	buildings_max_level_factor=1.000
	local_supplies=0.000
}
