
state={
	id=265
	name="STATE_265"
	provinces={
		3 153 6960 6961 6962 6973 6976 6977 6979 6980 6982 6987 6991 6999 7001 7002 7009 7010 7011 7013 7016 7017 7025 7026 7029 7033 7034 7036 7040 7042 7043 7051 7054 7057 7058 7059 7060 7061 7064 7065 7069 7073 7074 7075 7077 7078 7079 7081 7082 7083 7084 7085 7086 7090 7096 7097 7100 7101 7102 7103 7104 7106 7107 7108 7109 7114 7116 7117 7118 7119 7120 7122 7124 7128 7129 7130 7132 7133 7135 7136 7138 7139 7141 7144 7145 7146 7147 7149 7152 7153 7155 7156 7157 7159 7161 7162 7165 7166 7167 7168 7169 7171 7172 7173 7175 7176 7179 7180 7181 7182 7183 7184 7185 7187 7189 7190 7191 7193 7195 7196 7197 7199 7200 7201 7202 7203 7204 7206 7207 7209 7210 7212 7213 7214 7215 7216 7217 7218 7219 7220 7221 7222 7223 7224 7225 7226 7227 7228 7229 
	}
	history={
		owner = FON
		add_core_of = FON
		buildings = {
			infrastructure = 3

		}

	}

	manpower=1910810
	state_category=large_town
	buildings_max_level_factor=1.000
	local_supplies=0.000
}
