
state={
	id=266
	name="STATE_266"
	provinces={
		4 227 269 302 564 2244 2888 5480 6422 6424 6428 6429 6432 6434 6437 6442 6447 6448 6449 6450 6454 6458 6465 6469 6470 6471 6478 6482 6495 6500 6505 6508 6509 6512 6514 6517 6518 6525 6528 6532 6535 6536 6537 6544 6546 6551 6552 6553 6555 6571 6572 6575 6578 6588 6589 6590 6591 6595 6597 6610 6611 6612 6615 6622 6623 6632 6633 6634 6640 6648 6654 6658 6659 6664 6673 6678 6683 6686 6687 6695 6702 6706 6709 6720 6730 6731 6732 6735 6744 6750 6755 6768 6779 6780 6784 6785 6796 6799 6805 6818 6819 6835 6836 6839 6841 6851 6867 
	}
	history={
		owner = FON
		add_core_of = FON
		buildings = {
			infrastructure = 3

		}

	}

	manpower=1910810
	state_category=large_town
	buildings_max_level_factor=1.000
	local_supplies=0.000
}
