state={
	id=271
	name="STATE_271"
	provinces={
		877 5332 5334 5336 5344 5349 5351 6873 6874 6884 6889 6899 6903 6906 6907 6912 6918 6925 6926 6927 6928 6933 6934 6937 6941 6942 6944 6946 6947 6949 6951 6953 6955 6956 6958 6959 6963 6964 6969 6972 6974 6975 6978 6981 6983 6985 6986 6988 6992 6993 6994 6997 7004 7005 7006 7007 7012 7014 7015 7018 7020 7021 7023 7027 7030 7031 7035 7037 7038 7041 7044 7046 7049 7050 7052 7053 7055 7056 7062 7063 7066 7067 7068 7070 7071 7072 7076 7080 7087 7088 7089 7091 7092 7093 7094 7095 7098 7099 7105 7110 7111 7112 7113 7115 7121 7123 7125 7126 7127 7131 7134 7137 7140 7142 7143 7148 7150 7151 7154 7158 7160 7163 7164 7170 7174 7177 7178 7186 7188 7192 7194 7198 7205 7208 7211 
	}
	history={
		owner = FON
		add_core_of = FON
		buildings = {
			infrastructure = 3

		}

	}

	manpower=1910810
	state_category=large_town
	buildings_max_level_factor=1.000
	local_supplies=0.000
}
