
state={
	id=57
	name="STATE_57"
	resources={
		steel=19.000
		chromium=31.000
	}

	history={
		owner = FON
		add_core_of = FON
		buildings = {
			infrastructure = 3

		}

	}

	provinces={
		201 492 494 497 506 512 518 524 537 539 540 542 543 544 551 560 567 770 879 964 1023 1250 1404 1492 1643 1937 2240 2386 2578 2748 5057 5078 5079 5094 5110 5120 5150 5160 5170 5188 5196 5202 5215 5217 5224 5238 5239 5240 5253 5261 5475 5487 5516 5563 5564 5566 5577 6403 6415 6416 6417 6418 6419 6420 6421 6423 6425 6426 6427 6430 6431 6433 6435 6436 6438 6439 6440 6441 6443 6445 6451 6452 6453 6455 6456 6457 6461 6462 6464 6466 6467 6472 6474 6475 6476 6479 6480 6484 6486 6487 6488 6491 6496 6497 6498 6501 6506 6507 6510 6520 6521 6522 6523 6526 6527 6529 6533 6534 6538 6539 6541 6543 6547 6548 6550 6554 6556 6557 6558 6561 6562 6563 6564 6565 6566 6573 6574 6576 6580 6581 6585 6592 6593 6596 6598 6600 6601 6606 6607 6608 6614 6616 6618 6619 6620 6627 6628 6635 6644 6645 6646 6647 6651 6652 6653 6655 6663 6665 6666 6668 6669 6676 6688 6689 6690 6698 6699 6700 6707 6708 6711 6716 6717 6724 6733 6737 6741 6747 6748 6751 6752 6757 6758 6761 6762 6765 6776 6777 6790 6797 6798 6802 6803 6808 6809 6813 6824 6825 6826 6838 6847 6854 6855 6858 6870 6871 6877 6880 6883 6895 6896 6902 6905 6917 6924 
	}
	manpower=1582000
	buildings_max_level_factor=1.000
	state_category=large_town
	local_supplies=0.000
}
