
state={
	id=58
	name="STATE_58"

	history={
		owner = FON
		add_core_of = FON
		buildings = {
			infrastructure = 2
			5116 = {
				naval_base = 1

			}

		}

	}

	provinces={
		572 576 602 605 612 617 621 623 631 646 654 655 658 659 693 713 738 760 761 763 765 769 791 800 823 827 831 850 884 902 921 943 962 965 973 987 1001 1011 1029 1033 1046 1049 1051 1054 1058 1063 1088 1102 1108 1111 1112 1117 1118 1144 1160 1191 1208 1234 1244 1246 1265 1266 1289 1293 1299 1315 1343 1344 1415 2183 2231 5096 5106 5116 5121 5134 5152 5186 5323 5324 5327 5329 5413 
	}
	manpower=1220763
	buildings_max_level_factor=1.000
	state_category=town
	local_supplies=0.000
}
